> 1.0
2e+46
1e+46
5e+45
2.5e+45
1.25e+45
6.25e+44
3.125e+44
1.5625e+44
7.8125e+43
3.90625e+43
1.953125e+43
9.765625e+42
4.8828125e+42
2.44140625e+42
1.220703125e+42
6.103515625e+41
3.0517578125e+41
1.52587890625e+41
7.62939453125e+40
3.814697265625e+40
1.9073486328125e+40
9.5367431640625e+39
4.76837158203125e+39
2.384185791015625e+39
1.1920928955078125e+39
5.9604644775390625e+38
2.9802322387695312e+38
1.4901161193847656e+38
7.450580596923828e+37
3.725290298461914e+37
1.862645149230957e+37
9.313225746154785e+36
4.6566128730773925e+36
2.3283064365386963e+36
1.1641532182693481e+36
5.820766091346741e+35
2.9103830456733703e+35
1.4551915228366852e+35
7.275957614183426e+34
3.637978807091713e+34
1.8189894035458565e+34
9.094947017729282e+33
4.547473508864641e+33
2.2737367544323206e+33
1.1368683772161603e+33
5.6843418860808014e+32
2.8421709430404007e+32
1.4210854715202004e+32
7.105427357601002e+31
3.552713678800501e+31
1.7763568394002505e+31
8.881784197001253e+30
4.440892098500629e+30
2.220446049250319e+30
1.1102230246251685e+30
5.5511151231260226e+29
2.7755575615633716e+29
1.3877787807824064e+29
6.938893903926443e+28
3.4694469519920447e+28
1.7347234760536684e+28
8.673617381421264e+27
4.336808693016475e+27
2.1684043511199235e+27
1.0842021847833338e+27
5.4210111083841075e+26
2.7105059231269184e+26
1.3552536994330883e+26
6.776283254549988e+25
3.388171141979809e+25
1.6941445998853229e+25
8.471903536200238e+24
4.2383125126381724e+24
2.1238751155207997e+24
1.0713543072923495e+24
5.543451142488127e+23
3.1325116499146005e+23
2.204721128048679e+23
2.009504771314687e+23
2.000022478343678e+23
2.0000000001263175e+23
2e+23
2e+23
2e+23
2e+23
